	NEXT-TSHT-1	NEXT-TSHT-10	NEXT-TSHT-11	NEXT-TSHT-13	NEXT-TSHT-14	NEXT-TSHT-15	NEXT-TSHT-16	NEXT-TSHT-18	NEXT-TSHT-19	NEXT-TSHT-2	NEXT-TSHT-21	NEXT-TSHT-23	NEXT-TSHT-25	NEXT-TSHT-26	NEXT-TSHT-27	NEXT-TSHT-28	NEXT-TSHT-29	NEXT-TSHT-3	NEXT-TSHT-30	NEXT-TSHT-31	NEXT-TSHT-32	NEXT-TSHT-33	NEXT-TSHT-34	NEXT-TSHT-35	NEXT-TSHT-37	NEXT-TSHT-38	NEXT-TSHT-39	NEXT-TSHT-40	NEXT-TSHT-41	NEXT-TSHT-42	NEXT-TSHT-43	NEXT-TSHT-45	NEXT-TSHT-46	NEXT-TSHT-49	NEXT-TSHT-5	NEXT-TSHT-50	NEXT-TSHT-51	NEXT-TSHT-52	NEXT-TSHT-53	NEXT-TSHT-54	NEXT-TSHT-55	NEXT-TSHT-56	NEXT-TSHT-57	NEXT-TSHT-58	NEXT-TSHT-59	NEXT-TSHT-6	NEXT-TSHT-64	NEXT-TSHT-65	NEXT-TSHT-67	NEXT-TSHT-68	NEXT-TSHT-69	NEXT-TSHT-7	NEXT-TSHT-71	NEXT-TSHT-73	NEXT-TSHT-74	NEXT-TSHT-75	NEXT-TSHT-76	NEXT-TSHT-78	NEXT-TSHT-79	NEXT-TSHT-8	NEXT-TSHT-80	NEXT-TSHT-81	NEXT-TSHT-82	NEXT-TSHT-83	NEXT-TSHT-85	NEXT-TSHT-86	NEXT-TSHT-87	NEXT-TSHT-88	NEXT-TSHT-89	NEXT-TSHT-9	NEXT-TSHT-90	NEXT-TSHT-91	NEXT-TSHT-92	NEXT-TSHT-93	NEXT-TSHT-94	NEXT-TSHT-95
1	0	0	0	0	38	0	0	0	0	0	0	0	0	0	0	0	0	0	0	0	0	0	0	0	0	0	0	0	0	0	0	0	0	0	0	0	0	0	0	0	0	0	0	0	0	0	0	0	0	0	0	0	0	0	0	0	0	0	0	0	0	0	0	0	0	0	0	0	0	0	0	0	0	0	0	0
2	5	0	0	0	0	0	0	0	0	0	0	0	0	0	0	0	0	0	0	0	0	0	0	0	0	0	0	0	0	0	0	0	0	0	0	0	0	0	0	0	0	0	0	0	0	0	0	0	0	0	0	0	0	0	0	0	0	0	0	0	0	0	0	0	0	0	0	0	0	0	0	0	0	0	0	0
3	20	0	0	0	0	30	403	0	0	68	0	0	470	0	221	17	0	0	0	5	1020	0	0	8	375	0	188	14	0	628	0	0	492	0	0	0	102	396	0	23	0	0	0	0	165	11	0	0	69	297	0	63	0	57	0	0	44	0	0	0	67	0	0	14	0	0	980	0	0	0	9	5	0	78	45	0
4	0	0	0	0	0	0	45	0	0	0	6	0	0	0	0	0	0	0	167	0	0	0	0	0	0	0	0	29	0	15	0	0	0	0	0	48	148	0	0	0	0	0	0	0	0	0	0	0	10	5	0	0	0	0	0	0	0	0	0	0	0	0	0	0	0	123	5	5	14	0	0	0	0	0	0	7
5	0	0	0	0	0	0	0	0	0	0	0	0	0	0	0	0	0	0	0	0	0	0	0	0	0	0	0	0	0	0	0	0	0	0	0	0	0	0	11	0	0	0	0	0	0	0	0	0	0	0	0	0	0	0	0	0	0	0	0	0	0	0	0	0	0	0	0	0	0	0	0	0	0	0	0	0
6	0	0	96	0	0	0	0	9	0	0	0	0	0	0	0	0	0	0	0	0	0	0	0	0	0	0	0	0	0	0	0	0	0	0	0	0	0	0	0	10	0	0	0	0	0	14	0	0	0	0	0	655	0	0	0	0	0	0	0	0	0	0	0	0	0	0	0	0	6	113	0	0	0	10	0	0
7	0	0	0	0	0	31	0	0	0	74	0	0	0	0	0	56	0	0	0	0	5	0	0	0	6	0	28	0	0	0	0	0	282	0	0	0	0	5	184	0	0	96	0	0	0	0	0	0	196	0	0	34	0	0	0	0	0	0	0	0	365	0	0	0	0	0	0	0	0	0	0	0	0	87	106	0
8	0	23	0	0	0	0	0	0	0	0	0	191	0	0	0	0	0	0	0	25	0	0	27	0	0	0	0	0	0	0	0	0	0	0	0	0	0	0	0	0	0	0	11	0	0	0	0	0	0	0	0	0	0	0	0	0	0	0	58	0	0	0	0	0	0	0	0	0	0	20	0	0	0	0	0	0
9	0	0	0	0	0	0	7	0	0	0	0	0	0	0	0	0	0	0	0	8	0	0	0	11	0	0	0	0	7	0	0	52	0	0	0	0	0	0	0	0	0	0	0	0	0	0	0	0	16	13	0	0	0	0	0	0	0	0	0	0	0	0	0	0	0	0	0	0	0	0	13	0	0	0	0	0
10	0	0	0	0	0	0	0	0	0	0	0	0	0	0	0	0	0	0	0	0	0	0	0	0	0	0	0	0	0	0	0	0	0	0	0	0	0	0	0	0	0	0	0	0	0	0	0	0	69	0	0	0	0	0	0	0	0	0	0	0	0	0	0	0	0	0	0	0	0	0	0	0	0	620	0	0
11	0	0	22	0	0	0	0	0	0	0	119	0	0	5	0	0	0	0	0	0	0	0	0	0	0	0	0	0	0	0	0	0	0	0	0	6	0	0	0	0	0	10	0	0	0	0	0	0	0	0	0	0	0	0	16	0	0	0	0	0	0	25	0	0	0	0	0	5	0	0	0	0	0	0	0	0
12	0	0	0	0	0	0	0	0	0	0	0	0	0	7	0	0	0	0	0	0	0	0	0	0	0	0	0	0	0	0	0	0	0	0	0	0	0	0	0	0	0	0	0	0	0	0	0	0	45	0	0	0	0	0	0	0	0	0	10	0	0	0	0	0	0	0	0	0	0	0	0	0	0	0	6	0
13	0	0	0	0	0	0	0	16	0	0	0	0	0	0	0	0	0	0	0	11	0	0	0	0	0	9	0	0	0	0	0	0	0	0	0	0	0	0	0	0	0	0	0	27	0	0	30	0	0	0	0	0	0	0	14	0	0	0	0	0	0	0	0	0	0	0	0	0	0	106	0	0	0	0	0	0
14	0	0	0	0	0	0	0	0	0	0	0	0	0	0	0	0	0	0	0	0	0	0	0	0	0	0	0	0	0	0	0	0	0	0	0	0	0	0	0	0	0	0	0	0	0	0	0	0	0	0	0	0	0	0	0	0	0	0	0	0	0	0	0	0	0	0	0	0	0	0	13	0	0	0	0	0
15	0	0	0	0	0	0	0	7	0	0	0	50	0	0	0	0	0	541	0	0	0	0	45	10	0	0	0	0	0	0	0	0	0	6	0	0	10	0	0	0	0	75	9	0	0	0	28	0	0	0	0	0	0	0	8	0	0	0	80	0	0	0	0	0	0	0	0	0	0	10	5	0	0	0	0	15
16	0	0	0	0	0	0	0	0	0	0	0	0	0	0	0	0	0	0	0	0	0	0	0	0	0	0	0	0	0	0	0	0	0	0	0	0	0	0	0	0	0	0	0	0	0	0	0	0	0	0	0	0	0	0	0	0	0	0	0	0	0	0	0	0	0	0	0	0	0	0	5	0	0	0	0	0
17	0	0	0	0	0	0	0	0	0	0	0	0	0	0	0	0	0	0	0	0	0	0	0	0	0	0	0	0	0	0	0	0	0	0	0	0	0	0	0	0	0	0	0	0	0	0	0	10	0	0	0	0	0	0	0	0	0	0	0	0	0	0	0	0	0	0	0	0	0	0	0	0	0	0	0	0
18	0	0	0	0	0	0	0	0	0	2876	0	0	0	0	63	0	0	0	0	0	0	0	0	0	0	0	0	0	0	0	0	0	0	0	0	0	0	0	0	16	0	0	0	0	0	0	0	0	0	0	6	0	0	0	0	0	0	0	0	0	0	0	0	0	0	0	0	0	0	0	0	6	0	0	0	0
19	0	0	0	0	0	0	0	0	0	0	0	0	0	0	0	0	0	5	0	0	0	0	71	0	0	0	0	0	0	0	0	0	0	0	6	0	0	0	0	0	0	0	0	0	0	0	0	0	0	0	0	0	0	0	0	0	0	0	6	0	0	0	0	0	0	0	0	0	0	0	0	0	0	0	0	0
20	0	0	0	0	0	0	0	0	0	0	0	0	0	0	0	0	0	0	0	0	0	0	0	0	0	0	0	0	0	5	0	0	5	0	0	0	372	41	0	0	0	0	0	0	5	0	0	0	14	8	0	0	0	0	0	0	18	0	0	0	9	0	5	0	0	0	0	0	0	0	9	0	0	0	15	0
21	0	0	0	0	0	0	0	0	0	0	0	0	6	0	0	0	0	0	0	0	5	0	0	0	0	0	39	0	0	0	0	0	6	0	0	0	0	0	0	0	0	0	5	0	0	0	0	0	0	0	0	0	0	0	0	0	0	0	0	0	0	0	0	0	0	0	0	0	0	0	0	0	0	0	0	0
22	0	0	7	0	0	0	0	0	0	5	0	0	0	0	0	0	0	0	0	0	0	0	0	28	0	0	0	0	0	0	0	13	0	0	0	0	0	16	0	0	0	0	9	0	0	0	0	0	736	0	0	0	0	0	0	0	0	0	0	0	0	14	0	0	0	0	0	50	0	0	0	0	0	0	668	0
23	0	0	0	0	0	0	0	25	0	0	0	0	0	0	0	0	0	0	0	0	17	0	0	0	0	0	0	0	6	0	0	0	0	0	0	0	0	0	0	0	0	0	0	0	0	0	0	0	0	0	0	0	0	0	0	0	0	0	0	0	0	0	0	0	0	0	0	0	0	6	0	0	0	0	0	0
24	116	0	0	0	0	10	0	0	0	20	0	0	0	0	5	0	0	0	0	0	0	0	0	89	0	0	0	0	6	0	0	0	9	0	0	0	0	0	0	0	42	0	0	0	0	0	0	0	0	0	0	0	0	0	0	0	0	0	0	0	0	0	87	55	0	0	143	0	0	0	0	0	0	5	0	6
25	0	48	0	0	5	0	0	6	0	0	0	14	0	0	0	0	50	62	194	55	7	9	57	5	6	0	0	30	0	0	0	0	0	0	72	204	10	0	19	9	6	0	13	0	0	5	0	17	0	0	0	0	0	0	32	0	44	0	44	29	0	0	6	0	0	118	0	0	0	25	0	0	6	8	0	5
26	1717	1788	6	75	2001	576	43	1560	30	7636	10	306	10	0	2364	557	2462	2028	0	1632	97	1542	1648	2495	363	233	769	0	2004	160	168	152	2059	1069	4299	0	368	405	3297	2145	764	397	2541	773	49	4174	908	1378	2460	622	1240	259	2141	376	1431	79	117	242	318	2507	614	0	1477	3055	242	0	777	0	0	1324	292	7751	832	3462	1353	1608
27	0	0	0	0	0	0	0	0	17	0	0	0	0	0	0	0	0	0	0	0	0	0	0	0	0	0	0	0	0	0	0	0	0	0	0	0	0	0	0	0	0	0	0	0	0	0	0	0	0	0	0	0	0	0	0	0	0	0	0	0	0	0	0	0	0	0	0	0	0	0	0	0	0	0	0	0
28	0	0	0	0	0	0	0	0	0	0	0	0	0	0	0	0	0	0	0	0	0	0	0	0	0	0	0	0	0	0	0	0	0	0	0	0	0	0	0	0	0	0	0	0	0	0	0	0	0	0	0	0	0	0	0	0	0	0	0	0	0	0	0	0	0	0	0	0	0	0	0	0	5	0	0	0
29	0	5	0	0	0	0	0	0	0	0	0	0	0	0	0	0	0	0	0	0	0	0	0	0	0	0	0	0	0	0	0	0	0	0	0	0	0	0	0	0	0	0	0	0	0	0	0	0	0	0	0	0	0	0	0	0	0	0	0	0	0	0	0	0	0	0	0	0	0	0	0	0	0	0	0	0
30	0	0	0	0	0	0	0	0	0	0	0	0	0	0	0	0	0	0	0	0	0	0	0	0	0	0	0	0	0	0	0	0	0	0	0	0	0	0	0	0	0	0	0	0	0	0	0	7	0	0	0	0	0	0	0	0	0	0	0	0	0	0	0	0	0	0	0	0	0	6	0	0	0	0	0	0
31	0	0	0	0	0	0	0	0	0	0	0	0	0	0	0	0	0	0	0	0	0	0	0	0	0	0	0	0	0	0	0	0	0	0	0	0	0	0	0	0	0	33	0	0	0	0	0	0	0	0	0	0	0	0	0	0	0	0	0	0	0	0	0	0	0	0	0	0	0	0	0	0	0	0	0	0
32	0	55	1003	0	744	0	602	0	0	0	1036	0	63	1021	0	5	0	0	850	0	140	10	0	0	216	0	27	339	0	262	0	0	0	0	0	669	414	736	0	0	0	0	0	10	470	0	0	0	0	8	0	7	0	0	0	0	456	0	0	0	0	720	0	17	0	908	9	1798	581	0	0	0	0	0	31	0
33	12	27	124	0	11	17	11	39	0	20	141	0	24	7	31	8	0	14	8	0	5	17	0	110	0	0	0	25	62	8	0	0	0	16	26	47	24	41	0	11	221	27	0	10	46	76	6	31	50	5	5	5	27	6	25	25	29	28	0	9	5	49	38	7	0	18	0	104	30	13	3382	13	0	60	140	63
34	578	834	178	0	4143	69	5	73	10	1140	5	0	23	0	164	44	1110	18	0	0	12	902	124	441	28	12	118	18	71	30	0	11	280	501	3879	0	35	36	141	52	66	333	44	8	78	716	0	27	251	91	0	46	172	373	47	0	6	19	0	813	194	0	1267	509	59	17	68	67	17	0	195	1104	0	281	72	39
35	0	0	0	0	0	0	0	450	0	0	0	0	0	0	0	0	0	0	0	0	0	0	0	0	0	0	0	0	0	0	0	0	0	0	0	0	0	0	0	0	0	0	0	0	0	0	0	0	0	0	0	0	0	0	0	0	0	0	0	0	0	0	0	0	0	0	0	0	0	0	0	0	0	0	0	0
36	0	0	88	0	0	0	0	0	0	0	0	0	0	0	0	0	0	262	9	0	40	0	0	0	176	0	32	7	5	86	0	6	0	0	0	365	0	0	0	0	0	15	0	0	0	0	0	0	0	41	0	5	0	62	0	0	0	0	0	0	0	0	0	0	0	0	0	13	8	158	14	0	0	120	0	0
37	0	0	0	0	0	0	6	0	0	0	0	0	0	0	0	0	0	0	0	0	0	0	0	0	0	0	0	76	0	0	0	0	0	0	0	5	0	0	0	0	0	0	0	0	0	0	0	0	0	0	0	0	0	0	0	0	0	0	0	0	0	0	0	0	0	0	0	0	11	0	0	0	0	0	0	0
38	0	48	0	0	9	0	0	0	0	0	0	11	0	0	0	0	0	0	0	0	0	0	0	0	0	0	0	0	14	0	0	0	0	6	0	0	0	0	0	0	0	0	0	0	0	0	0	0	0	0	0	0	0	0	0	0	0	0	0	23	0	0	0	0	0	0	0	0	0	0	0	0	0	0	0	23
39	0	0	0	0	0	0	37	0	0	0	0	0	0	0	5	0	0	0	30	0	5	0	0	0	0	0	0	55	0	18	0	0	0	0	0	0	48	0	0	0	0	0	0	0	21	0	0	0	0	0	0	6	0	0	0	0	0	0	0	0	0	0	0	0	0	99	0	0	12	0	0	0	0	0	7	0
40	0	0	262	0	0	0	0	0	0	0	0	1258	0	633	0	0	0	60	0	0	0	0	0	0	0	0	0	0	0	0	0	0	6	0	0	0	0	0	0	17	0	0	0	0	0	0	0	0	0	0	0	0	0	0	0	0	0	0	0	0	0	0	211	0	0	0	0	0	0	0	0	0	0	0	0	0
41	13	0	0	0	0	0	0	0	0	0	0	0	0	0	0	0	0	0	0	0	0	0	0	0	0	5	0	0	0	0	0	0	0	0	0	0	0	0	0	0	0	0	0	0	0	0	0	0	0	0	0	0	0	0	0	0	0	0	0	23	0	0	11	0	0	0	0	0	0	0	0	0	0	0	0	122
42	0	0	0	0	0	0	0	0	0	0	0	0	0	0	0	0	0	0	0	0	0	0	0	0	0	0	0	0	0	0	0	0	0	0	0	0	0	0	0	0	0	0	0	0	0	0	0	0	0	0	0	0	0	0	0	0	0	0	0	0	0	0	0	0	0	0	0	0	0	0	30	0	0	0	0	0
43	0	0	0	0	0	0	0	0	0	0	0	0	0	0	0	0	0	7	0	0	0	0	0	0	0	0	0	0	0	0	0	0	0	0	0	0	0	0	0	0	0	0	0	0	0	0	0	0	0	0	0	0	0	0	0	0	0	0	0	0	0	0	0	0	0	0	0	0	0	0	7	0	0	0	0	0
44	0	0	0	0	0	0	0	0	0	0	0	0	0	0	0	0	0	0	0	0	0	0	0	0	0	16	0	0	0	0	0	0	0	0	0	0	0	0	0	0	0	0	0	0	0	0	0	0	0	0	0	0	0	0	0	0	0	0	0	0	0	0	0	0	0	0	0	0	0	0	0	0	0	0	0	0
45	0	0	0	0	0	0	0	0	0	0	0	0	0	0	0	0	0	8	0	18	0	0	0	0	0	0	0	0	0	0	0	0	10	0	5	0	0	0	0	0	0	0	0	0	0	0	0	0	0	0	0	0	0	0	0	0	0	0	0	0	0	0	106	0	0	0	0	0	0	0	0	0	0	5	0	0
46	0	0	0	0	0	0	0	0	0	0	27	0	0	0	0	0	0	7	0	0	0	0	0	0	0	0	0	0	0	0	0	0	0	0	0	0	0	0	0	0	0	0	0	0	0	0	0	0	0	0	0	0	0	0	0	0	0	0	0	0	0	0	0	0	0	0	0	0	0	0	37	0	0	0	0	0
47	0	0	0	0	0	0	0	0	0	0	0	0	0	0	0	22	0	0	0	15	0	0	0	0	0	0	16	0	0	0	0	0	0	0	0	0	7	0	13	0	0	0	0	0	0	0	0	0	0	0	7	0	14	0	0	0	0	0	0	0	0	27	0	0	0	0	0	0	0	0	0	0	0	0	0	0
48	0	0	0	0	0	0	0	0	0	0	0	0	0	0	0	0	0	0	0	0	0	0	0	0	0	0	0	0	0	0	0	0	0	0	0	8	0	0	0	0	0	0	0	0	0	0	0	0	0	0	0	0	0	0	0	0	0	0	0	0	0	0	0	0	0	0	0	0	0	0	0	0	0	0	0	0
49	0	26	0	0	0	0	0	0	0	0	0	0	0	0	0	0	0	86	0	0	0	0	0	0	0	0	0	0	0	0	0	0	0	0	0	0	0	0	0	0	0	0	0	74	0	0	0	0	13	0	0	0	0	0	18	0	0	0	0	0	0	0	0	0	0	0	0	0	0	0	9	0	0	0	42	0
50	0	0	0	0	0	0	0	0	0	0	0	0	0	0	0	0	0	0	0	0	0	0	0	0	0	0	0	0	0	0	0	0	0	0	0	0	0	0	0	0	0	0	0	0	0	0	0	0	0	0	0	7	0	0	0	0	0	0	0	0	0	0	0	0	0	0	0	0	15	0	0	0	0	0	0	0
51	0	0	0	0	0	0	0	0	0	0	0	0	0	0	0	0	0	0	0	16	0	0	0	0	0	0	0	0	0	0	0	0	0	0	0	0	0	0	0	0	0	0	0	0	0	0	0	0	0	0	0	0	0	0	0	0	0	0	0	0	0	0	0	0	0	0	0	0	0	0	0	0	0	0	0	0
52	0	0	14	0	0	0	0	0	0	0	0	0	0	0	0	0	0	0	0	0	0	0	0	0	0	0	0	46	0	0	0	0	0	0	0	0	0	0	0	0	0	0	0	0	0	0	0	0	0	0	0	0	0	0	0	0	0	0	0	0	0	6	0	0	0	0	0	0	0	0	0	0	0	0	0	0
53	2476	195	0	0	716	4292	14	59	6	1193	0	12	56	0	2769	1590	654	183	0	12	273	944	246	617	340	0	228	110	37	103	0	13	2328	215	3326	0	108	68	1501	437	194	0	81	0	5	318	34	19	1014	2382	32	431	418	2653	75	0	17	95	82	260	1342	0	1539	3903	61	0	2298	0	0	0	44	342	0	1408	912	45
54	29	217	27	26	5	5	13	32	0	0	0	222	55	0	0	9	20	1424	305	134	143	35	546	22	476	31	24	29	10	26	0	0	0	378	151	86	7	11	29	14	0	16	34	189	51	27	1711	123	0	5	36	88	0	39	80	0	28	0	392	38	56	33	118	24	0	27	8	92	52	18	19	0	105	0	0	83
55	1361	4823	201	3354	6722	633	1304	3407	133	202	0	600	690	0	858	519	784	5487	101	1440	404	2531	2507	3251	1345	1370	166	64	2518	1161	36	0	1092	1499	2967	77	69	289	1323	212	1270	696	3990	3920	859	6157	3045	5123	196	1039	3352	2349	950	918	3157	12	29	1568	767	8921	1200	9	609	1615	16	22	658	44	18	1315	288	418	5389	2591	700	4041
56	6	0	0	0	0	0	0	0	0	5	0	0	0	0	20	10	0	0	0	0	0	0	0	16	0	0	7	0	0	0	0	0	73	0	7	0	0	0	8	0	0	0	0	0	0	0	0	0	29	43	0	23	0	61	6	0	0	0	0	0	0	0	0	29	0	0	44	0	0	0	0	0	0	127	32	0
57	6	0	0	0	5	6	0	0	0	0	0	0	5	0	0	15	0	0	0	0	43	0	0	0	6	0	200	0	0	195	0	0	11	0	0	0	129	467	0	0	13	0	16	0	50	22	0	0	107	48	0	17	0	75	0	0	32	0	0	0	0	0	0	0	0	0	0	0	0	0	0	0	0	0	7	0
58	0	1066	0	0	102	0	0	0	0	0	0	0	0	0	0	0	0	0	0	0	0	5	0	0	0	0	0	0	0	0	0	0	0	81	0	0	0	0	0	0	0	0	0	0	0	106	0	0	0	0	0	0	0	0	41	0	0	0	0	31	0	0	0	22	0	0	0	0	0	0	0	0	0	0	0	0
59	0	0	0	0	0	0	0	0	0	0	0	0	0	0	0	0	5	0	0	0	0	0	0	0	0	0	0	0	0	0	0	0	0	0	46	0	0	0	0	0	0	0	0	0	0	0	0	0	0	0	0	0	0	0	0	0	0	0	0	0	0	0	0	0	0	0	0	0	0	0	0	0	0	22	0	0
60	0	0	0	0	0	0	0	0	0	0	5	0	0	0	0	0	0	0	0	0	0	0	0	0	0	0	0	0	0	0	0	0	0	0	0	5	0	0	0	0	0	0	0	0	0	0	0	0	0	0	0	0	0	0	0	0	0	0	0	0	0	167	0	0	0	0	0	0	0	0	33	0	0	0	0	6
61	7	0	0	0	0	7	0	0	0	0	0	0	0	0	13	49	0	0	0	0	0	0	0	0	0	0	0	0	0	0	0	0	0	0	0	0	0	0	0	0	0	0	0	0	0	0	0	0	0	0	0	11	0	0	0	0	5	0	0	0	0	0	0	0	0	0	9	0	5	0	0	0	0	0	24	0
62	5	0	0	0	0	0	0	58	0	0	0	0	0	0	0	0	0	0	0	11	0	0	0	0	0	0	0	0	0	0	0	0	0	0	0	0	0	0	0	0	21	0	5	0	0	0	0	11	0	0	5	0	0	0	0	0	0	0	0	14	0	0	0	0	0	0	0	0	0	18	0	0	5	0	0	0
63	0	0	0	0	0	0	0	0	0	0	0	0	0	0	0	0	0	0	0	0	0	0	0	0	0	0	0	0	5	0	0	0	0	0	0	0	0	0	0	0	0	0	0	0	0	6	0	0	0	0	0	0	0	0	0	0	0	0	0	0	0	0	0	0	0	0	0	0	0	0	0	0	0	0	0	5
64	0	0	0	0	0	0	0	0	0	0	0	0	0	0	0	0	0	0	0	101	0	0	0	0	0	5	0	0	0	0	0	0	0	0	0	0	0	0	0	0	0	0	0	0	0	0	0	0	0	0	0	0	0	0	0	0	0	0	0	0	0	0	0	0	0	0	0	0	0	0	0	0	0	0	0	0
65	0	0	0	71	0	0	0	0	0	0	0	0	0	0	0	0	0	0	0	20	0	0	0	0	0	0	0	0	165	0	0	0	0	0	0	0	0	0	0	0	1460	0	0	0	0	0	0	18	0	0	227	0	0	0	0	0	0	0	0	0	0	0	0	0	0	0	0	0	0	17	646	0	20	0	0	44
66	0	0	0	0	0	0	0	0	0	0	0	0	0	0	0	0	0	17	0	0	0	0	0	0	0	0	0	0	0	0	0	0	0	0	0	0	0	0	0	0	0	0	0	0	0	0	0	0	0	0	0	0	0	0	0	0	0	0	0	0	0	0	0	0	0	0	0	0	0	5	0	0	0	0	0	0
67	0	0	0	0	0	0	6	0	0	0	0	0	0	100	0	0	0	0	0	0	0	0	0	0	0	0	0	0	0	0	0	0	0	0	0	0	0	207	0	0	0	0	0	0	0	0	0	0	0	0	0	0	0	0	0	0	21	0	0	0	0	0	0	0	0	0	0	0	0	12	0	0	0	0	0	0